5 0.5096153846153846 0.22956730769230768 0.13221153846153846 0.0625
5 0.33774038461538464 0.26322115384615385 0.06971153846153846 0.057692307692307696
5 0.7115384615384616 0.33413461538461536 0.0625 0.07211538461538461
5 0.7199519230769231 0.4375 0.038461538461538464 0.0985576923076923
5 0.7115384615384616 0.546875 0.055288461538461536 0.07932692307692307
5 0.6634615384615384 0.6141826923076923 0.07211538461538461 0.10096153846153846
5 0.4230769230769231 0.6225961538461539 0.11538461538461539 0.12259615384615384
5 0.6514423076923077 0.6838942307692307 0.11538461538461539 0.10576923076923077
5 0.5132211538461539 0.7319711538461539 0.0985576923076923 0.13221153846153846
5 0.44350961538461536 0.7644230769230769 0.14182692307692307 0.11538461538461539
5 0.7151442307692307 0.7716346153846154 0.07932692307692307 0.10817307692307693
5 0.3125 0.78125 0.13221153846153846 0.11057692307692307