5 0.5612980769230769 0.21153846153846154 0.20432692307692307 0.25721153846153844
5 0.71875 0.28125 0.08173076923076923 0.11298076923076923
5 0.24879807692307693 0.34375 0.17307692307692307 0.3245192307692308
5 0.4495192307692308 0.4495192307692308 0.17067307692307693 0.2860576923076923
5 0.6009615384615384 0.4567307692307692 0.11538461538461539 0.10817307692307693
5 0.7680288461538461 0.5012019230769231 0.08653846153846154 0.18990384615384615
5 0.6634615384615384 0.578125 0.1346153846153846 0.16826923076923078
5 0.3112980769230769 0.6346153846153846 0.18509615384615385 0.3870192307692308
5 0.7920673076923077 0.6454326923076923 0.11538461538461539 0.14903846153846154
5 0.5829326923076923 0.7151442307692307 0.10817307692307693 0.16826923076923078
5 0.7235576923076923 0.7680288461538461 0.12980769230769232 0.13942307692307693
5 0.4411057692307692 0.7752403846153846 0.09375 0.16346153846153846
5 0.6466346153846154 0.8076923076923077 0.08413461538461539 0.18990384615384615
5 0.3894230769230769 0.15264423076923078 0.13942307692307693 0.2403846153846154