9 0.5012019230769231 0.27403846153846156 0.22115384615384615 0.11057692307692307
9 0.6742788461538461 0.31850961538461536 0.1875 0.11538461538461539
9 0.43028846153846156 0.3389423076923077 0.1201923076923077 0.14423076923076922
9 0.24519230769230768 0.36899038461538464 0.1778846153846154 0.19951923076923078
9 0.6165865384615384 0.37259615384615385 0.1875 0.14423076923076922
9 0.3004807692307692 0.4675480769230769 0.25961538461538464 0.2692307692307692
9 0.4891826923076923 0.4735576923076923 0.19951923076923078 0.15144230769230768
9 0.6550480769230769 0.4855769230769231 0.19951923076923078 0.2091346153846154
9 0.7463942307692307 0.5745192307692307 0.19230769230769232 0.13942307692307693
9 0.5492788461538461 0.6201923076923077 0.20673076923076922 0.24759615384615385
9 0.37259615384615385 0.6310096153846154 0.19230769230769232 0.21634615384615385