3 0.6923076923076923 0.35336538461538464 0.23076923076923078 0.2980769230769231
3 0.3581730769230769 0.38461538461538464 0.24278846153846154 0.30528846153846156
3 0.8509615384615384 0.49158653846153844 0.22596153846153846 0.34134615384615385
3 0.5360576923076923 0.5288461538461539 0.2692307692307692 0.28846153846153844
3 0.18389423076923078 0.5504807692307693 0.29086538461538464 0.2956730769230769
3 0.7271634615384616 0.7055288461538461 0.27163461538461536 0.3701923076923077
3 0.35336538461538464 0.7283653846153846 0.23317307692307693 0.33413461538461536
3 0.5444711538461539 0.8641826923076923 0.2548076923076923 0.2668269230769231
3 0.19110576923076922 0.8858173076923077 0.2620192307692308 0.22596153846153846
3 0.8245192307692307 0.15264423076923078 0.23557692307692307 0.28365384615384615
3 0.5132211538461539 0.1778846153846154 0.19951923076923078 0.31490384615384615