10 0.4338942307692308 0.17668269230769232 0.25 0.29086538461538464
10 0.14543269230769232 0.18028846153846154 0.27403846153846156 0.28846153846153844
10 0.6694711538461539 0.20673076923076922 0.1778846153846154 0.24519230769230768
10 0.8509615384615384 0.2283653846153846 0.15384615384615385 0.21634615384615385
10 0.9387019230769231 0.4423076923076923 0.1201923076923077 0.1778846153846154
10 0.7632211538461539 0.4519230769230769 0.1778846153846154 0.21394230769230768
10 0.5697115384615384 0.4579326923076923 0.2283653846153846 0.23076923076923078
10 0.3076923076923077 0.4723557692307692 0.2860576923076923 0.2644230769230769
10 0.8569711538461539 0.6598557692307693 0.14903846153846154 0.17067307692307693
10 0.6899038461538461 0.7055288461538461 0.18028846153846154 0.22115384615384615
10 0.4675480769230769 0.7451923076923077 0.22596153846153846 0.24278846153846154
10 0.17548076923076922 0.7884615384615384 0.27403846153846156 0.2548076923076923