0 0.7776442307692307 0.6322115384615384 0.11298076923076923 0.1658653846153846
0 0.9170673076923077 0.6346153846153846 0.12980769230769232 0.17307692307692307
0 0.6346153846153846 0.6502403846153846 0.13701923076923078 0.19471153846153846
0 0.49038461538461536 0.6526442307692307 0.1201923076923077 0.18269230769230768
0 0.21033653846153846 0.6538461538461539 0.11778846153846154 0.16346153846153846
0 0.3581730769230769 0.6646634615384616 0.1346153846153846 0.17307692307692307
0 0.08533653846153846 0.6682692307692307 0.125 0.13221153846153846
0 0.9194711538461539 0.1346153846153846 0.13221153846153846 0.15384615384615385
0 0.7764423076923077 0.14543269230769232 0.125 0.13942307692307693
0 0.3629807692307692 0.15144230769230768 0.12980769230769232 0.1466346153846154
0 0.6538461538461539 0.15504807692307693 0.13221153846153846 0.17307692307692307
0 0.5084134615384616 0.15865384615384615 0.12259615384615384 0.14423076923076922
0 0.23197115384615385 0.1622596153846154 0.09615384615384616 0.13942307692307693
0 0.0829326923076923 0.1622596153846154 0.11538461538461539 0.11778846153846154