5 0.5673076923076923 0.375 0.16105769230769232 0.1875
5 0.3401442307692308 0.40024038461538464 0.13221153846153846 0.16346153846153846
5 0.7668269230769231 0.4074519230769231 0.14182692307692307 0.16105769230769232
5 0.18629807692307693 0.4338942307692308 0.15384615384615385 0.1201923076923077
5 0.8269230769230769 0.5240384615384616 0.1658653846153846 0.1658653846153846
5 0.6105769230769231 0.5252403846153846 0.22115384615384615 0.125
5 0.4026442307692308 0.5360576923076923 0.1875 0.17307692307692307
5 0.109375 0.5721153846153846 0.13701923076923078 0.15625
5 0.30288461538461536 0.6514423076923077 0.14423076923076922 0.12740384615384615
5 0.49278846153846156 0.6598557692307693 0.12259615384615384 0.14423076923076922
5 0.8641826923076923 0.8677884615384616 0.2668269230769231 0.25961538461538464
5 0.3798076923076923 0.12620192307692307 0.18509615384615385 0.12980769230769232
5 0.5925480769230769 0.1814903846153846 0.18509615384615385 0.16826923076923078
5 0.3269230769230769 0.21394230769230768 0.15144230769230768 0.15384615384615385
5 0.1201923076923077 0.2247596153846154 0.12259615384615384 0.16346153846153846
5 0.20673076923076922 0.22956730769230768 0.14423076923076922 0.0985576923076923
5 0.46274038461538464 0.23918269230769232 0.21394230769230768 0.11538461538461539