5 0.8473557692307693 0.26322115384615385 0.20432692307692307 0.29086538461538464
5 0.6298076923076923 0.28846153846153844 0.20192307692307693 0.23317307692307693
5 0.3858173076923077 0.31490384615384615 0.21153846153846154 0.25721153846153844
5 0.13341346153846154 0.45913461538461536 0.20673076923076922 0.3629807692307692
5 0.7415865384615384 0.4987980769230769 0.25240384615384615 0.27403846153846156
5 0.3317307692307692 0.5432692307692307 0.22355769230769232 0.2980769230769231
5 0.5480769230769231 0.6694711538461539 0.2692307692307692 0.2764423076923077
5 0.9158653846153846 0.703125 0.1658653846153846 0.30528846153846156
5 0.109375 0.7884615384615384 0.18990384615384615 0.19471153846153846
5 0.29927884615384615 0.8353365384615384 0.24278846153846154 0.27163461538461536
5 0.7884615384615384 0.8701923076923077 0.25 0.2548076923076923
5 0.44471153846153844 0.13581730769230768 0.18990384615384615 0.21634615384615385
5 0.6838942307692307 0.14182692307692307 0.20673076923076922 0.19951923076923078