3 0.20072115384615385 0.3641826923076923 0.23076923076923078 0.2860576923076923
3 0.4362980769230769 0.3641826923076923 0.23317307692307693 0.2692307692307692
3 0.6598557692307693 0.38822115384615385 0.2403846153846154 0.25961538461538464
3 0.17067307692307693 0.5661057692307693 0.2620192307692308 0.3293269230769231
3 0.4074519230769231 0.6009615384615384 0.2548076923076923 0.3605769230769231
3 0.6298076923076923 0.6141826923076923 0.22596153846153846 0.3293269230769231
3 0.12259615384615384 0.7884615384615384 0.24519230769230768 0.4182692307692308
3 0.35336538461538464 0.8112980769230769 0.23317307692307693 0.37259615384615385
3 0.6105769230769231 0.8413461538461539 0.23557692307692307 0.3125
3 0.8918269230769231 0.11057692307692307 0.21394230769230768 0.22115384615384615
3 0.2644230769230769 0.16346153846153846 0.22355769230769232 0.28365384615384615
3 0.4483173076923077 0.18269230769230768 0.25 0.2548076923076923
3 0.6754807692307693 0.20192307692307693 0.2932692307692308 0.25961538461538464