5 0.8581730769230769 0.24519230769230768 0.07451923076923077 0.12259615384615384
5 0.6730769230769231 0.3629807692307692 0.09615384615384616 0.08413461538461539
5 0.6057692307692307 0.38461538461538464 0.0625 0.07932692307692307
5 0.7896634615384616 0.3870192307692308 0.07451923076923077 0.13221153846153846
5 0.7151442307692307 0.4567307692307692 0.09134615384615384 0.0985576923076923
5 0.4639423076923077 0.4735576923076923 0.0889423076923077 0.10096153846153846
5 0.5817307692307693 0.5084134615384616 0.07451923076923077 0.16105769230769232
5 0.5432692307692307 0.5540865384615384 0.07451923076923077 0.14423076923076922
5 0.6766826923076923 0.5540865384615384 0.0985576923076923 0.12259615384615384
5 0.3918269230769231 0.5685096153846154 0.06009615384615385 0.13701923076923078
5 0.25961538461538464 0.6213942307692307 0.07692307692307693 0.13701923076923078
5 0.36899038461538464 0.6334134615384616 0.06009615384615385 0.11538461538461539
5 0.6153846153846154 0.6442307692307693 0.09615384615384616 0.12740384615384615
5 0.5336538461538461 0.6586538461538461 0.09134615384615384 0.10336538461538461
5 0.46875 0.6911057692307693 0.06009615384615385 0.0889423076923077
5 0.6935096153846154 0.7019230769230769 0.09134615384615384 0.1201923076923077
5 0.39302884615384615 0.7512019230769231 0.125 0.2091346153846154
5 0.5144230769230769 0.765625 0.06490384615384616 0.17548076923076922
5 0.6490384615384616 0.78125 0.08413461538461539 0.0889423076923077
5 0.5841346153846154 0.8461538461538461 0.08653846153846154 0.12740384615384615
5 0.6887019230769231 0.8521634615384616 0.09615384615384616 0.18028846153846154