5 0.042067307692307696 0.2980769230769231 0.07932692307692307 0.21875
5 0.040865384615384616 0.5396634615384616 0.055288461538461536 0.2764423076923077
5 0.12740384615384615 0.5745192307692307 0.11538461538461539 0.23317307692307693
5 0.5120192307692307 0.6634615384615384 0.11057692307692307 0.19230769230769232
5 0.22956730769230768 0.6778846153846154 0.11298076923076923 0.19951923076923078
5 0.8822115384615384 0.7560096153846154 0.08653846153846154 0.13701923076923078
5 0.7536057692307693 0.7692307692307693 0.11538461538461539 0.22115384615384615
5 0.6502403846153846 0.78125 0.11778846153846154 0.23798076923076922
5 0.4735576923076923 0.7992788461538461 0.11778846153846154 0.20673076923076922
5 0.359375 0.8016826923076923 0.10817307692307693 0.1201923076923077
5 0.9675480769230769 0.8137019230769231 0.06009615384615385 0.2403846153846154