9 0.5877403846153846 0.26802884615384615 0.06490384615384616 0.12740384615384615
9 0.46274038461538464 0.2776442307692308 0.10096153846153846 0.125
9 0.3088942307692308 0.48197115384615385 0.07692307692307693 0.12740384615384615
9 0.2283653846153846 0.6189903846153846 0.10576923076923077 0.10096153846153846
9 0.3076923076923077 0.6490384615384616 0.06971153846153846 0.06009615384615385
9 0.484375 0.6802884615384616 0.052884615384615384 0.0673076923076923
9 0.5528846153846154 0.703125 0.06009615384615385 0.07932692307692307
9 0.4567307692307692 0.7067307692307693 0.0625 0.07211538461538461
9 0.31971153846153844 0.7211538461538461 0.0889423076923077 0.07451923076923077
9 0.037259615384615384 0.7271634615384616 0.06971153846153846 0.10576923076923077
9 0.5168269230769231 0.7271634615384616 0.10096153846153846 0.0673076923076923
9 0.08413461538461539 0.7403846153846154 0.0625 0.07211538461538461
9 0.2512019230769231 0.7560096153846154 0.06971153846153846 0.07211538461538461
9 0.15264423076923078 0.7680288461538461 0.09615384615384616 0.09134615384615384
9 0.04567307692307692 0.7800480769230769 0.06490384615384616 0.0673076923076923
9 0.43028846153846156 0.8197115384615384 0.12740384615384615 0.10336538461538461
9 0.265625 0.8365384615384616 0.0889423076923077 0.09134615384615384
9 0.1935096153846154 0.8605769230769231 0.11538461538461539 0.09134615384615384
9 0.53125 0.8677884615384616 0.0889423076923077 0.08653846153846154
9 0.34615384615384615 0.8774038461538461 0.08413461538461539 0.10576923076923077
9 0.07451923076923077 0.9050480769230769 0.09615384615384616 0.10576923076923077
9 0.2548076923076923 0.90625 0.07211538461538461 0.07211538461538461
9 0.49399038461538464 0.9086538461538461 0.07932692307692307 0.12259615384615384
9 0.16346153846153846 0.9110576923076923 0.04567307692307692 0.057692307692307696
9 0.6346153846153846 0.9519230769230769 0.1201923076923077 0.09134615384615384
9 0.04807692307692308 0.953125 0.09615384615384616 0.09134615384615384
9 0.4254807692307692 0.9555288461538461 0.11538461538461539 0.08413461538461539
9 0.5492788461538461 0.9567307692307693 0.125 0.08173076923076923
9 0.2536057692307692 0.9627403846153846 0.09134615384615384 0.06971153846153846
9 0.10336538461538461 0.9627403846153846 0.10817307692307693 0.06971153846153846