3 0.6911057692307693 0.8557692307692307 0.13942307692307693 0.14423076923076922
3 0.8161057692307693 0.8918269230769231 0.1466346153846154 0.12740384615384615
3 0.6911057692307693 0.24879807692307693 0.13942307692307693 0.11778846153846154
3 0.6153846153846154 0.31490384615384615 0.17307692307692307 0.15384615384615385
3 0.7704326923076923 0.32572115384615385 0.16346153846153846 0.17067307692307693
3 0.44711538461538464 0.41346153846153844 0.16105769230769232 0.12259615384615384
3 0.3605769230769231 0.45913461538461536 0.1875 0.17548076923076922
3 0.5048076923076923 0.4723557692307692 0.2283653846153846 0.1466346153846154
3 0.5216346153846154 0.53125 0.12259615384615384 0.10576923076923077
3 0.6117788461538461 0.5612980769230769 0.15384615384615385 0.10576923076923077
3 0.7067307692307693 0.5721153846153846 0.13221153846153846 0.10096153846153846
3 0.4723557692307692 0.5961538461538461 0.0985576923076923 0.09615384615384616
3 0.7956730769230769 0.5997596153846154 0.12259615384615384 0.10096153846153846
3 0.9014423076923077 0.6189903846153846 0.1346153846153846 0.08413461538461539
3 0.5769230769230769 0.6262019230769231 0.10576923076923077 0.08653846153846154
3 0.6766826923076923 0.6478365384615384 0.14423076923076922 0.09134615384615384
3 0.4375 0.6730769230769231 0.16826923076923078 0.13221153846153846
3 0.75 0.6778846153846154 0.15625 0.0985576923076923
3 0.8942307692307693 0.6923076923076923 0.11298076923076923 0.09615384615384616
3 0.5420673076923077 0.7115384615384616 0.13942307692307693 0.1201923076923077
3 0.6454326923076923 0.7391826923076923 0.13701923076923078 0.0985576923076923
3 0.3858173076923077 0.7548076923076923 0.1201923076923077 0.10817307692307693
3 0.7415865384615384 0.7680288461538461 0.13221153846153846 0.1346153846153846
3 0.46875 0.7884615384615384 0.14423076923076922 0.13701923076923078
3 0.8581730769230769 0.7992788461538461 0.11538461538461539 0.12259615384615384
3 0.5817307692307693 0.8125 0.14903846153846154 0.13701923076923078