5 0.9459134615384616 0.5661057692307693 0.10576923076923077 0.25
5 0.6742788461538461 0.5889423076923077 0.14182692307692307 0.20432692307692307
5 0.0985576923076923 0.06009615384615385 0.14903846153846154 0.1201923076923077
5 0.07692307692307693 0.5973557692307693 0.12980769230769232 0.15144230769230768
5 0.5552884615384616 0.6490384615384616 0.18028846153846154 0.2620192307692308
5 0.7776442307692307 0.7307692307692307 0.20432692307692307 0.20432692307692307
5 0.4423076923076923 0.7355769230769231 0.16346153846153846 0.16105769230769232
5 0.08533653846153846 0.7704326923076923 0.17067307692307693 0.23798076923076922
5 0.25841346153846156 0.7728365384615384 0.14423076923076922 0.2980769230769231
5 0.5324519230769231 0.8533653846153846 0.1466346153846154 0.125
5 0.8413461538461539 0.8737980769230769 0.24759615384615385 0.14903846153846154
5 0.4182692307692308 0.9086538461538461 0.17067307692307693 0.18028846153846154
5 0.5721153846153846 0.13701923076923078 0.1201923076923077 0.17067307692307693
5 0.9098557692307693 0.14423076923076922 0.17548076923076922 0.1778846153846154
5 0.3269230769230769 0.14423076923076922 0.17307692307692307 0.2620192307692308
5 0.4543269230769231 0.15144230769230768 0.1346153846153846 0.24519230769230768
5 0.7632211538461539 0.19471153846153846 0.1466346153846154 0.19951923076923078
5 0.1971153846153846 0.20432692307692307 0.20192307692307693 0.2548076923076923
5 0.9194711538461539 0.3125 0.15625 0.1346153846153846
5 0.6153846153846154 0.3245192307692308 0.12259615384615384 0.22115384615384615
5 0.7752403846153846 0.33774038461538464 0.14423076923076922 0.1466346153846154
5 0.5420673076923077 0.3545673076923077 0.13942307692307693 0.22596153846153846
5 0.35336538461538464 0.40625 0.17067307692307693 0.2668269230769231
5 0.08173076923076923 0.4074519230769231 0.13942307692307693 0.19230769230769232
5 0.8317307692307693 0.4639423076923077 0.11778846153846154 0.18028846153846154
5 0.734375 0.4963942307692308 0.14182692307692307 0.16826923076923078
5 0.20552884615384615 0.5180288461538461 0.17548076923076922 0.23076923076923078