3 0.6598557692307693 0.5360576923076923 0.19471153846153846 0.15384615384615385
3 0.14903846153846154 0.546875 0.16826923076923078 0.1778846153846154
3 0.5216346153846154 0.5612980769230769 0.19230769230769232 0.20192307692307693
3 0.8125 0.5625 0.1658653846153846 0.25961538461538464
3 0.3389423076923077 0.5721153846153846 0.14182692307692307 0.19951923076923078
3 0.3245192307692308 0.7379807692307693 0.19951923076923078 0.25721153846153844
3 0.13701923076923078 0.7403846153846154 0.1971153846153846 0.23557692307692307
3 0.5 0.7427884615384616 0.21394230769230768 0.25961538461538464
3 0.6838942307692307 0.7463942307692307 0.20673076923076922 0.2283653846153846
3 0.8521634615384616 0.7463942307692307 0.21153846153846154 0.20192307692307693
3 0.25721153846153844 0.07932692307692307 0.14423076923076922 0.09615384615384616
3 0.49759615384615385 0.08173076923076923 0.09375 0.07932692307692307
3 0.3894230769230769 0.0829326923076923 0.09615384615384616 0.11298076923076923
3 0.6177884615384616 0.09615384615384616 0.1346153846153846 0.11298076923076923
3 0.7355769230769231 0.09615384615384616 0.10096153846153846 0.09375
3 0.24278846153846154 0.16346153846153846 0.11778846153846154 0.15144230769230768
3 0.3894230769230769 0.16826923076923078 0.15625 0.13701923076923078
3 0.6358173076923077 0.17307692307692307 0.10576923076923077 0.09615384615384616
3 0.7752403846153846 0.17427884615384615 0.15865384615384615 0.10336538461538461
3 0.5060096153846154 0.19831730769230768 0.12259615384615384 0.11298076923076923
3 0.6442307692307693 0.27403846153846156 0.17067307692307693 0.18269230769230768
3 0.22596153846153846 0.27524038461538464 0.12259615384615384 0.125
3 0.7800480769230769 0.27884615384615385 0.13701923076923078 0.1346153846153846
3 0.49158653846153844 0.2860576923076923 0.13942307692307693 0.1658653846153846
3 0.35336538461538464 0.29086538461538464 0.13942307692307693 0.14423076923076922
3 0.23918269230769232 0.3894230769230769 0.1971153846153846 0.19230769230769232
3 0.7896634615384616 0.3942307692307692 0.20192307692307693 0.17548076923076922
3 0.6502403846153846 0.41466346153846156 0.15144230769230768 0.1658653846153846
3 0.5024038461538461 0.4182692307692308 0.15384615384615385 0.1658653846153846
3 0.33774038461538464 0.42788461538461536 0.15625 0.125