3 0.8858173076923077 0.2247596153846154 0.22355769230769232 0.2283653846153846
3 0.2980769230769231 0.2692307692307692 0.1658653846153846 0.31009615384615385
3 0.12620192307692307 0.2764423076923077 0.23798076923076922 0.2403846153846154
3 0.6754807692307693 0.37259615384615385 0.27403846153846156 0.31009615384615385
3 0.46153846153846156 0.4230769230769231 0.27403846153846156 0.33653846153846156
3 0.15144230769230768 0.5144230769230769 0.2668269230769231 0.3173076923076923
3 0.3233173076923077 0.6033653846153846 0.21875 0.27884615384615385
3 0.9002403846153846 0.6117788461538461 0.1875 0.3918269230769231
3 0.7355769230769231 0.6382211538461539 0.24278846153846154 0.34615384615384615
3 0.5516826923076923 0.6478365384615384 0.20432692307692307 0.30288461538461536
3 0.11298076923076923 0.7920673076923077 0.22596153846153846 0.25240384615384615
3 0.4206730769230769 0.8497596153846154 0.21153846153846154 0.2956730769230769
3 0.6177884615384616 0.8713942307692307 0.23557692307692307 0.25240384615384615
3 0.8088942307692307 0.8774038461538461 0.28125 0.2403846153846154
3 0.6346153846153846 0.13341346153846154 0.28846153846153844 0.2668269230769231
3 0.5036057692307693 0.19110576923076922 0.23076923076923078 0.2668269230769231