3 0.3581730769230769 0.28365384615384615 0.13942307692307693 0.09615384615384616
3 0.546875 0.2848557692307692 0.15144230769230768 0.08653846153846154
3 0.7644230769230769 0.2860576923076923 0.12259615384615384 0.07211538461538461
3 0.4483173076923077 0.28725961538461536 0.13221153846153846 0.08173076923076923
3 0.6430288461538461 0.28725961538461536 0.08173076923076923 0.057692307692307696
3 0.26802884615384615 0.2932692307692308 0.10817307692307693 0.08173076923076923
3 0.7620192307692307 0.3449519230769231 0.1201923076923077 0.09375
3 0.3581730769230769 0.34615384615384615 0.13942307692307693 0.10336538461538461
3 0.6670673076923077 0.34975961538461536 0.12740384615384615 0.11778846153846154
3 0.4519230769230769 0.35096153846153844 0.1201923076923077 0.10817307692307693
3 0.24639423076923078 0.35096153846153844 0.1466346153846154 0.08173076923076923
3 0.5600961538461539 0.35336538461538464 0.125 0.0889423076923077
3 0.3389423076923077 0.4074519230769231 0.15384615384615385 0.10336538461538461
3 0.22956730769230768 0.4074519230769231 0.16346153846153846 0.09134615384615384
3 0.453125 0.4098557692307692 0.15625 0.08653846153846154
3 0.5661057692307693 0.41346153846153844 0.17067307692307693 0.10576923076923077
3 0.6586538461538461 0.41586538461538464 0.1346153846153846 0.10817307692307693
3 0.7800480769230769 0.4170673076923077 0.13942307692307693 0.07932692307692307
3 0.4543269230769231 0.4831730769230769 0.14182692307692307 0.12259615384615384
3 0.3317307692307692 0.4855769230769231 0.17548076923076922 0.09615384615384616
3 0.5745192307692307 0.4891826923076923 0.14423076923076922 0.10096153846153846
3 0.6814903846153846 0.4891826923076923 0.08653846153846154 0.08413461538461539
3 0.7980769230769231 0.49038461538461536 0.13221153846153846 0.0985576923076923
3 0.21995192307692307 0.49038461538461536 0.16105769230769232 0.1346153846153846
3 0.8293269230769231 0.5637019230769231 0.18509615384615385 0.17067307692307693
3 0.6790865384615384 0.5733173076923077 0.17067307692307693 0.17067307692307693
3 0.3137019230769231 0.5805288461538461 0.19951923076923078 0.1778846153846154
3 0.5721153846153846 0.5805288461538461 0.1778846153846154 0.1778846153846154
3 0.4483173076923077 0.5865384615384616 0.125 0.11778846153846154
3 0.1622596153846154 0.5865384615384616 0.16346153846153846 0.14423076923076922