3 0.47836538461538464 0.31490384615384615 0.16105769230769232 0.18509615384615385
3 0.1778846153846154 0.3233173076923077 0.18509615384615385 0.1778846153846154
3 0.04567307692307692 0.3269230769230769 0.09134615384615384 0.17548076923076922
3 0.390625 0.39663461538461536 0.18509615384615385 0.21394230769230768
3 0.11298076923076923 0.41586538461538464 0.19230769230769232 0.1875
3 0.24158653846153846 0.4495192307692308 0.15144230769230768 0.2644230769230769
3 0.08173076923076923 0.5805288461538461 0.16346153846153846 0.22355769230769232
3 0.19831730769230768 0.8269230769230769 0.16105769230769232 0.21634615384615385
3 0.1622596153846154 0.15264423076923078 0.1346153846153846 0.16105769230769232
3 0.09254807692307693 0.19951923076923078 0.18509615384615385 0.23076923076923078
3 0.39302884615384615 0.22235576923076922 0.15625 0.19471153846153846
3 0.2403846153846154 0.2283653846153846 0.14182692307692307 0.16346153846153846