5 0.23677884615384615 0.47115384615384615 0.2283653846153846 0.44471153846153844
5 0.3894230769230769 0.5216346153846154 0.10817307692307693 0.2980769230769231
5 0.6947115384615384 0.5600961538461539 0.2764423076923077 0.25
5 0.9134615384615384 0.5817307692307693 0.16826923076923078 0.23076923076923078
5 0.5096153846153846 0.5973557692307693 0.16826923076923078 0.18269230769230768
5 0.3713942307692308 0.7463942307692307 0.23076923076923078 0.22115384615384615
5 0.1778846153846154 0.7728365384615384 0.29086538461538464 0.36538461538461536
5 0.65625 0.7908653846153846 0.19471153846153846 0.3125
5 0.5637019230769231 0.8401442307692307 0.13942307692307693 0.3125
5 0.8161057692307693 0.8425480769230769 0.19471153846153846 0.3076923076923077
5 0.45552884615384615 0.10697115384615384 0.1971153846153846 0.21394230769230768
5 0.9483173076923077 0.109375 0.09615384615384616 0.17307692307692307
5 0.2283653846153846 0.13942307692307693 0.25 0.27163461538461536
5 0.7932692307692307 0.15985576923076922 0.20673076923076922 0.20432692307692307
5 0.6334134615384616 0.18629807692307693 0.16826923076923078 0.20432692307692307
5 0.7199519230769231 0.3894230769230769 0.19471153846153846 0.2620192307692308
5 0.8894230769230769 0.39783653846153844 0.21394230769230768 0.24278846153846154