5 0.7560096153846154 0.2247596153846154 0.07451923076923077 0.11057692307692307
5 0.7283653846153846 0.35216346153846156 0.052884615384615384 0.08413461538461539
1 0.4963942307692308 0.35697115384615385 0.43028846153846156 0.5192307692307693
5 0.8617788461538461 0.5144230769230769 0.07211538461538461 0.1346153846153846
5 0.8341346153846154 0.5793269230769231 0.06490384615384616 0.12740384615384615
5 0.7992788461538461 0.640625 0.05048076923076923 0.11538461538461539
5 0.30288461538461536 0.6790865384615384 0.10096153846153846 0.08653846153846154
5 0.7548076923076923 0.7055288461538461 0.04326923076923077 0.11778846153846154
5 0.4987980769230769 0.71875 0.0889423076923077 0.10096153846153846
5 0.6862980769230769 0.7271634615384616 0.0889423076923077 0.07451923076923077
5 0.24879807692307693 0.7451923076923077 0.07932692307692307 0.10096153846153846
5 0.6201923076923077 0.7872596153846154 0.055288461538461536 0.09615384615384616
5 0.2608173076923077 0.8161057692307693 0.09615384615384616 0.08413461538461539
5 0.4170673076923077 0.8317307692307693 0.0889423076923077 0.13221153846153846
5 0.6742788461538461 0.8317307692307693 0.07451923076923077 0.10096153846153846
5 0.5576923076923077 0.8629807692307693 0.07692307692307693 0.10576923076923077