8 0.2704326923076923 0.2620192307692308 0.18269230769230768 0.17548076923076922
8 0.08052884615384616 0.2764423076923077 0.14423076923076922 0.22115384615384615
8 0.2920673076923077 0.7548076923076923 0.10096153846153846 0.09615384615384616
8 0.16826923076923078 0.765625 0.10096153846153846 0.11778846153846154
8 0.5901442307692307 0.7728365384615384 0.09615384615384616 0.12259615384615384
8 0.7139423076923077 0.7980769230769231 0.11778846153846154 0.14423076923076922
8 0.9242788461538461 0.8173076923076923 0.09375 0.10096153846153846
8 0.8149038461538461 0.8257211538461539 0.09134615384615384 0.12259615384615384
8 0.33774038461538464 0.8725961538461539 0.12259615384615384 0.11057692307692307
8 0.12379807692307693 0.8822115384615384 0.11298076923076923 0.10576923076923077
8 0.24639423076923078 0.8930288461538461 0.10336538461538461 0.11778846153846154
8 0.3401442307692308 0.09014423076923077 0.15144230769230768 0.15865384615384615
8 0.14423076923076922 0.11899038461538461 0.14182692307692307 0.16105769230769232