5 0.5084134615384616 0.34975961538461536 0.07211538461538461 0.052884615384615384
5 0.5540865384615384 0.359375 0.052884615384615384 0.0673076923076923
5 0.44350961538461536 0.38822115384615385 0.07451923076923077 0.09375
5 0.36899038461538464 0.4050480769230769 0.05048076923076923 0.057692307692307696
5 0.3004807692307692 0.4699519230769231 0.04326923076923077 0.052884615384615384
5 0.4963942307692308 0.49759615384615385 0.06009615384615385 0.0889423076923077
5 0.28846153846153844 0.5420673076923077 0.06971153846153846 0.07211538461538461
5 0.33653846153846156 0.5889423076923077 0.055288461538461536 0.06971153846153846
5 0.2764423076923077 0.6033653846153846 0.038461538461538464 0.06971153846153846
5 0.7139423076923077 0.6286057692307693 0.052884615384615384 0.05048076923076923
5 0.6334134615384616 0.6334134615384616 0.06971153846153846 0.0985576923076923
5 0.44350961538461536 0.6418269230769231 0.04567307692307692 0.07451923076923077
5 0.3641826923076923 0.6454326923076923 0.057692307692307696 0.038461538461538464
5 0.5120192307692307 0.6514423076923077 0.07692307692307693 0.06971153846153846
5 0.2956730769230769 0.671875 0.052884615384615384 0.04567307692307692
5 0.7091346153846154 0.6887019230769231 0.0673076923076923 0.06490384615384616
5 0.3701923076923077 0.6995192307692307 0.06009615384615385 0.057692307692307696
5 0.6514423076923077 0.7055288461538461 0.0889423076923077 0.057692307692307696
5 0.5492788461538461 0.7151442307692307 0.08653846153846154 0.055288461538461536
5 0.4651442307692308 0.7247596153846154 0.0673076923076923 0.055288461538461536