9 0.15384615384615385 0.4579326923076923 0.11057692307692307 0.11778846153846154
9 0.5564903846153846 0.5132211538461539 0.09615384615384616 0.14182692307692307
9 0.8521634615384616 0.5252403846153846 0.07932692307692307 0.11778846153846154
9 0.6610576923076923 0.53125 0.09134615384615384 0.1201923076923077
9 0.3329326923076923 0.5384615384615384 0.10576923076923077 0.12740384615384615
9 0.7692307692307693 0.5588942307692307 0.10096153846153846 0.11778846153846154
9 0.4170673076923077 0.5721153846153846 0.10336538461538461 0.14903846153846154
9 0.5084134615384616 0.7427884615384616 0.09134615384615384 0.14903846153846154
9 0.30528846153846156 0.7463942307692307 0.06971153846153846 0.1466346153846154
9 0.6262019230769231 0.7716346153846154 0.10817307692307693 0.10096153846153846
9 0.8137019230769231 0.7776442307692307 0.10096153846153846 0.125
9 0.13701923076923078 0.8100961538461539 0.07932692307692307 0.12740384615384615
9 0.3485576923076923 0.8245192307692307 0.11298076923076923 0.13701923076923078
9 0.8689903846153846 0.8401442307692307 0.0985576923076923 0.13221153846153846
9 0.20192307692307693 0.84375 0.10336538461538461 0.14903846153846154
9 0.5300480769230769 0.8497596153846154 0.11538461538461539 0.15625
9 0.6838942307692307 0.8545673076923077 0.11538461538461539 0.12259615384615384