3 0.125 0.1201923076923077 0.1875 0.12259615384615384
3 0.8557692307692307 0.13581730769230768 0.19471153846153846 0.1201923076923077
3 0.625 0.14302884615384615 0.1875 0.13221153846153846
3 0.23197115384615385 0.1658653846153846 0.29086538461538464 0.13221153846153846
3 0.7463942307692307 0.20192307692307693 0.28365384615384615 0.14182692307692307
3 0.28365384615384615 0.40024038461538464 0.44471153846153844 0.3485576923076923
3 0.7103365384615384 0.41346153846153844 0.4495192307692308 0.3798076923076923
3 0.9302884615384616 0.0829326923076923 0.13701923076923078 0.10817307692307693
3 0.3713942307692308 0.8377403846153846 0.43990384615384615 0.32211538461538464
3 0.75 0.8449519230769231 0.43990384615384615 0.30288461538461536
3 0.5721153846153846 0.09495192307692307 0.1778846153846154 0.09375
3 0.7752403846153846 0.09495192307692307 0.2091346153846154 0.09615384615384616
3 0.3425480769230769 0.0985576923076923 0.19230769230769232 0.11538461538461539