5 0.6394230769230769 0.17427884615384615 0.15865384615384615 0.12259615384615384
5 0.8737980769230769 0.1875 0.07932692307692307 0.09375
5 0.7800480769230769 0.20192307692307693 0.09615384615384616 0.13221153846153846
5 0.9519230769230769 0.23076923076923078 0.09375 0.15625
5 0.6225961538461539 0.296875 0.13942307692307693 0.14903846153846154
5 0.8846153846153846 0.328125 0.1201923076923077 0.22596153846153846
5 0.7055288461538461 0.3786057692307692 0.07692307692307693 0.1201923076923077
5 0.7776442307692307 0.390625 0.11538461538461539 0.11298076923076923
5 0.4543269230769231 0.5432692307692307 0.13701923076923078 0.20432692307692307
5 0.359375 0.5661057692307693 0.14423076923076922 0.13942307692307693
5 0.8605769230769231 0.056490384615384616 0.0985576923076923 0.0985576923076923
5 0.5817307692307693 0.06009615384615385 0.08653846153846154 0.11778846153846154
5 0.6622596153846154 0.06971153846153846 0.13221153846153846 0.11778846153846154
5 0.5997596153846154 0.7103365384615384 0.12980769230769232 0.14182692307692307
5 0.3641826923076923 0.7475961538461539 0.14182692307692307 0.1971153846153846
5 0.10336538461538461 0.7536057692307693 0.12740384615384615 0.19471153846153846
5 0.7800480769230769 0.08533653846153846 0.11057692307692307 0.13942307692307693
5 0.9314903846153846 0.09975961538461539 0.11057692307692307 0.0985576923076923