9 0.7463942307692307 0.46033653846153844 0.1778846153846154 0.33413461538461536
9 0.6213942307692307 0.48677884615384615 0.19471153846153846 0.3269230769230769
9 0.1466346153846154 0.5769230769230769 0.2932692307692308 0.4423076923076923
9 0.44471153846153844 0.59375 0.2764423076923077 0.3918269230769231
9 0.8629807692307693 0.6322115384615384 0.25 0.3605769230769231
9 0.5769230769230769 0.8052884615384616 0.22115384615384615 0.3485576923076923
9 0.7980769230769231 0.8329326923076923 0.30288461538461536 0.3293269230769231
9 0.453125 0.8617788461538461 0.2403846153846154 0.27163461538461536
9 0.22956730769230768 0.8786057692307693 0.18509615384615385 0.23798076923076922
9 0.47716346153846156 0.09495192307692307 0.34615384615384615 0.18990384615384615
9 0.8425480769230769 0.203125 0.31009615384615385 0.40625
9 0.7127403846153846 0.203125 0.19951923076923078 0.37259615384615385
9 0.3016826923076923 0.22235576923076922 0.3605769230769231 0.44471153846153844
9 0.5180288461538461 0.29086538461538464 0.21394230769230768 0.24278846153846154