5 0.17067307692307693 0.23677884615384615 0.17548076923076922 0.15865384615384615
5 0.8040865384615384 0.29086538461538464 0.3173076923076923 0.34134615384615385
5 0.5252403846153846 0.3088942307692308 0.21634615384615385 0.30288461538461536
5 0.3125 0.3629807692307692 0.18990384615384615 0.24278846153846154
5 0.140625 0.39302884615384615 0.24278846153846154 0.22596153846153846
5 0.53125 0.53125 0.09134615384615384 0.16346153846153846
5 0.8689903846153846 0.5480769230769231 0.25 0.35336538461538464
5 0.6670673076923077 0.5697115384615384 0.11778846153846154 0.31009615384615385
5 0.4735576923076923 0.6418269230769231 0.17548076923076922 0.17548076923076922
5 0.19471153846153846 0.6826923076923077 0.23798076923076922 0.35336538461538464
5 0.3894230769230769 0.7079326923076923 0.13701923076923078 0.20192307692307693
5 0.5745192307692307 0.7860576923076923 0.25 0.24519230769230768
5 0.35216346153846156 0.15264423076923078 0.1875 0.19471153846153846