3 0.6875 0.19591346153846154 0.10096153846153846 0.10096153846153846
3 0.7848557692307693 0.22716346153846154 0.14182692307692307 0.09615384615384616
3 0.5324519230769231 0.2439903846153846 0.10817307692307693 0.0985576923076923
3 0.8677884615384616 0.25 0.11778846153846154 0.09134615384615384
3 0.6478365384615384 0.27403846153846156 0.10576923076923077 0.0889423076923077
3 0.9519230769230769 0.29086538461538464 0.09134615384615384 0.09134615384615384
3 0.7451923076923077 0.30408653846153844 0.08173076923076923 0.08653846153846154
3 0.4855769230769231 0.31971153846153844 0.1346153846153846 0.11298076923076923
3 0.8521634615384616 0.34134615384615385 0.12980769230769232 0.09615384615384616
3 0.5889423076923077 0.3557692307692308 0.09615384615384616 0.0985576923076923
3 0.9471153846153846 0.3786057692307692 0.10096153846153846 0.08413461538461539
3 0.6959134615384616 0.38100961538461536 0.10336538461538461 0.10096153846153846
3 0.8040865384615384 0.4230769230769231 0.13701923076923078 0.13221153846153846
3 0.9098557692307693 0.4423076923076923 0.13221153846153846 0.10096153846153846
3 0.6213942307692307 0.0889423076923077 0.11298076923076923 0.07211538461538461
3 0.7211538461538461 0.11177884615384616 0.11298076923076923 0.125
3 0.8413461538461539 0.14423076923076922 0.13701923076923078 0.0985576923076923
3 0.9350961538461539 0.16346153846153846 0.10576923076923077 0.08653846153846154
3 0.578125 0.16466346153846154 0.11298076923076923 0.08653846153846154