5 0.7247596153846154 0.33052884615384615 0.21153846153846154 0.21875
5 0.28846153846153844 0.35697115384615385 0.21634615384615385 0.23557692307692307
5 0.8786057692307693 0.6189903846153846 0.23557692307692307 0.19951923076923078
5 0.30528846153846156 0.6237980769230769 0.20192307692307693 0.2091346153846154
5 0.10817307692307693 0.6370192307692307 0.21634615384615385 0.20192307692307693
5 0.65625 0.6382211538461539 0.2403846153846154 0.24519230769230768
5 0.8677884615384616 0.8076923076923077 0.21153846153846154 0.21394230769230768
5 0.12980769230769232 0.8221153846153846 0.21394230769230768 0.17548076923076922
5 0.3713942307692308 0.8329326923076923 0.1971153846153846 0.18028846153846154
5 0.6346153846153846 0.8786057692307693 0.24278846153846154 0.23557692307692307
5 0.2512019230769231 0.11538461538461539 0.23798076923076922 0.23076923076923078
5 0.6586538461538461 0.13221153846153846 0.20432692307692307 0.21875
5 0.8882211538461539 0.20192307692307693 0.20432692307692307 0.21634615384615385
5 0.11177884615384616 0.25240384615384615 0.18990384615384615 0.2091346153846154