8 0.36899038461538464 0.4639423076923077 0.13942307692307693 0.3245192307692308
8 0.7055288461538461 0.484375 0.10096153846153846 0.21394230769230768
8 0.14302884615384615 0.5685096153846154 0.1466346153846154 0.3004807692307692
8 0.9278846153846154 0.5805288461538461 0.11057692307692307 0.21875
8 0.6105769230769231 0.6021634615384616 0.08173076923076923 0.27884615384615385
8 0.25961538461538464 0.7151442307692307 0.16105769230769232 0.40865384615384615
8 0.8112980769230769 0.7307692307692307 0.13221153846153846 0.23557692307692307
8 0.6826923076923077 0.7596153846153846 0.11538461538461539 0.20432692307692307
8 0.7379807692307693 0.28725961538461536 0.10576923076923077 0.21875
8 0.2439903846153846 0.33774038461538464 0.1346153846153846 0.3293269230769231
8 0.6346153846153846 0.3894230769230769 0.0889423076923077 0.21875
8 0.8112980769230769 0.43509615384615385 0.12980769230769232 0.2403846153846154