8 0.9230769230769231 0.39663461538461536 0.15144230769230768 0.3389423076923077
8 0.7740384615384616 0.4362980769230769 0.20192307692307693 0.22596153846153846
8 0.40024038461538464 0.46153846153846156 0.18028846153846154 0.22596153846153846
8 0.2091346153846154 0.4795673076923077 0.23076923076923078 0.17307692307692307
8 0.5829326923076923 0.5096153846153846 0.21394230769230768 0.22596153846153846
8 0.9182692307692307 0.6670673076923077 0.15865384615384615 0.22596153846153846
8 0.7451923076923077 0.7199519230769231 0.18990384615384615 0.23317307692307693
8 0.20432692307692307 0.7211538461538461 0.23798076923076922 0.2956730769230769
8 0.43028846153846156 0.7451923076923077 0.2091346153846154 0.25961538461538464
8 0.8533653846153846 0.18509615384615385 0.16105769230769232 0.22596153846153846
8 0.5264423076923077 0.24158653846153846 0.17548076923076922 0.25240384615384615
8 0.3233173076923077 0.25841346153846156 0.20432692307692307 0.2764423076923077
8 0.11658653846153846 0.2848557692307692 0.18269230769230768 0.24278846153846154