5 0.8509615384615384 0.36177884615384615 0.13942307692307693 0.1971153846153846
5 0.17668269230769232 0.3870192307692308 0.19230769230769232 0.20432692307692307
5 0.3641826923076923 0.39783653846153844 0.18269230769230768 0.23798076923076922
5 0.6875 0.40024038461538464 0.17307692307692307 0.1778846153846154
5 0.5420673076923077 0.5324519230769231 0.15865384615384615 0.20673076923076922
5 0.6802884615384616 0.5817307692307693 0.21153846153846154 0.23317307692307693
5 0.8425480769230769 0.5841346153846154 0.16346153846153846 0.2403846153846154
5 0.41346153846153844 0.5901442307692307 0.16826923076923078 0.17307692307692307
5 0.234375 0.6057692307692307 0.18990384615384615 0.23076923076923078
5 0.5288461538461539 0.19591346153846154 0.17307692307692307 0.18990384615384615
5 0.3605769230769231 0.21875 0.1971153846153846 0.13942307692307693
5 0.7019230769230769 0.21995192307692307 0.12740384615384615 0.23798076923076922