6 0.28365384615384615 0.3125 0.18509615384615385 0.07932692307692307
6 0.49038461538461536 0.32572115384615385 0.21153846153846154 0.05048076923076923
6 0.7211538461538461 0.33052884615384615 0.21153846153846154 0.08413461538461539
6 0.4951923076923077 0.3786057692307692 0.19951923076923078 0.0673076923076923
6 0.7139423076923077 0.3954326923076923 0.2091346153846154 0.07451923076923077
6 0.2932692307692308 0.421875 0.19471153846153846 0.08653846153846154
6 0.4891826923076923 0.4338942307692308 0.23076923076923078 0.0625
6 0.4735576923076923 0.44591346153846156 0.19471153846153846 0.026442307692307692
6 0.7271634615384616 0.4807692307692308 0.21875 0.14423076923076922
6 0.2764423076923077 0.5288461538461539 0.2091346153846154 0.06009615384615385
6 0.47716346153846156 0.53125 0.1778846153846154 0.09134615384615384
6 0.7175480769230769 0.5913461538461539 0.25961538461538464 0.07932692307692307
6 0.27403846153846156 0.5985576923076923 0.20673076923076922 0.11057692307692307
6 0.4855769230769231 0.6021634615384616 0.1971153846153846 0.08173076923076923
6 0.27403846153846156 0.6586538461538461 0.21634615384615385 0.07451923076923077
6 0.46634615384615385 0.6766826923076923 0.21153846153846154 0.18269230769230768
6 0.6959134615384616 0.6862980769230769 0.2283653846153846 0.15384615384615385
6 0.2644230769230769 0.7283653846153846 0.21153846153846154 0.0625
6 0.296875 0.25240384615384615 0.20673076923076922 0.06009615384615385
6 0.5324519230769231 0.2608173076923077 0.22355769230769232 0.07211538461538461