2 0.37740384615384615 0.2127403846153846 0.10096153846153846 0.15384615384615385
2 0.5721153846153846 0.22115384615384615 0.15144230769230768 0.10096153846153846
2 0.4495192307692308 0.2668269230769231 0.19230769230769232 0.1201923076923077
2 0.7115384615384616 0.2692307692307692 0.14182692307692307 0.1201923076923077
2 0.5661057692307693 0.28966346153846156 0.18990384615384615 0.10576923076923077
2 0.23076923076923078 0.30288461538461536 0.15625 0.18028846153846154
2 0.5600961538461539 0.3942307692307692 0.14182692307692307 0.18990384615384615
2 0.7319711538461539 0.40865384615384615 0.08173076923076923 0.16346153846153846
2 0.4723557692307692 0.42427884615384615 0.1778846153846154 0.19951923076923078
2 0.21514423076923078 0.5024038461538461 0.13701923076923078 0.2403846153846154
2 0.7980769230769231 0.5144230769230769 0.18990384615384615 0.1778846153846154
2 0.4206730769230769 0.5228365384615384 0.20673076923076922 0.21875
2 0.640625 0.5564903846153846 0.23076923076923078 0.1466346153846154
2 0.7824519230769231 0.65625 0.17548076923076922 0.15384615384615385
2 0.35697115384615385 0.7463942307692307 0.16105769230769232 0.16346153846153846
2 0.5036057692307693 0.7524038461538461 0.19471153846153846 0.16346153846153846