5 0.84375 0.25 0.09134615384615384 0.10576923076923077
5 0.7728365384615384 0.2800480769230769 0.08173076923076923 0.10576923076923077
5 0.25240384615384615 0.30408653846153844 0.08653846153846154 0.13221153846153846
5 0.8509615384615384 0.36538461538461536 0.038461538461538464 0.05048076923076923
5 0.7896634615384616 0.37740384615384615 0.038461538461538464 0.07451923076923077
5 0.1346153846153846 0.43028846153846156 0.125 0.17548076923076922
5 0.8004807692307693 0.4495192307692308 0.04807692307692308 0.06971153846153846
5 0.8461538461538461 0.4699519230769231 0.03365384615384615 0.06971153846153846
5 0.7572115384615384 0.4723557692307692 0.04807692307692308 0.040865384615384616
5 0.2932692307692308 0.5276442307692307 0.13701923076923078 0.1346153846153846
5 0.7295673076923077 0.5360576923076923 0.057692307692307696 0.07211538461538461
5 0.7836538461538461 0.5408653846153846 0.038461538461538464 0.0625
5 0.6730769230769231 0.5492788461538461 0.03365384615384615 0.0673076923076923
5 0.8497596153846154 0.5528846153846154 0.038461538461538464 0.09134615384615384
5 0.8016826923076923 0.5829326923076923 0.038461538461538464 0.08173076923076923
5 0.15865384615384615 0.6141826923076923 0.11298076923076923 0.09375
5 0.27283653846153844 0.7055288461538461 0.07932692307692307 0.12980769230769232
5 0.34375 0.7283653846153846 0.040865384615384616 0.07211538461538461
5 0.1502403846153846 0.8040865384615384 0.09134615384615384 0.13221153846153846
5 0.23798076923076922 0.8269230769230769 0.08173076923076923 0.125
5 0.3329326923076923 0.8269230769230769 0.036057692307692304 0.09134615384615384
5 0.8209134615384616 0.1346153846153846 0.07451923076923077 0.11538461538461539
5 0.14182692307692307 0.20793269230769232 0.08413461538461539 0.1466346153846154