3 0.7668269230769231 0.20552884615384615 0.23798076923076922 0.31490384615384615
3 0.5769230769230769 0.21995192307692307 0.21394230769230768 0.33413461538461536
3 0.36778846153846156 0.22235576923076922 0.19471153846153846 0.3629807692307692
3 0.19110576923076922 0.2824519230769231 0.21634615384615385 0.31490384615384615
3 0.46153846153846156 0.36538461538461536 0.23557692307692307 0.40384615384615385
3 0.8858173076923077 0.4026442307692308 0.21875 0.36538461538461536
3 0.671875 0.40625 0.21634615384615385 0.3918269230769231
3 0.14423076923076922 0.6081730769230769 0.25 0.4230769230769231
3 0.5661057692307693 0.6454326923076923 0.22596153846153846 0.43990384615384615
3 0.7944711538461539 0.6526442307692307 0.24278846153846154 0.43509615384615385
3 0.3485576923076923 0.6911057692307693 0.21634615384615385 0.36778846153846156