2 0.6382211538461539 0.6237980769230769 0.203125 0.21153846153846154
2 0.8677884615384616 0.6286057692307693 0.19471153846153846 0.21153846153846154
2 0.12740384615384615 0.6838942307692307 0.22115384615384615 0.22956730769230768
2 0.35697115384615385 0.6862980769230769 0.18629807692307693 0.24278846153846154
2 0.7512019230769231 0.8689903846153846 0.3858173076923077 0.10576923076923077
2 0.23197115384615385 0.8990384615384616 0.36778846153846156 0.10096153846153846
2 0.4483173076923077 0.10096153846153846 0.10817307692307693 0.19230769230769232
2 0.6141826923076923 0.10096153846153846 0.12980769230769232 0.16466346153846154
2 0.28365384615384615 0.11298076923076923 0.16826923076923078 0.2247596153846154
2 0.0889423076923077 0.1141826923076923 0.15985576923076922 0.20192307692307693
2 0.5973557692307693 0.3161057692307692 0.18990384615384615 0.21995192307692307
2 0.4675480769230769 0.31850961538461536 0.15625 0.2247596153846154
2 0.8762019230769231 0.3557692307692308 0.15985576923076922 0.25240384615384615
2 0.06490384615384616 0.3737980769230769 0.12139423076923077 0.2800480769230769
2 0.23798076923076922 0.4014423076923077 0.13822115384615385 0.2800480769230769