2 0.171875 0.6899038461538461 0.1622596153846154 0.36778846153846156
2 0.7644230769230769 0.7127403846153846 0.28365384615384615 0.11538461538461539
2 0.4338942307692308 0.8040865384615384 0.3004807692307692 0.18389423076923078
2 0.7632211538461539 0.8557692307692307 0.3004807692307692 0.14903846153846154
2 0.4567307692307692 0.2127403846153846 0.09735576923076923 0.28725961538461536
2 0.8545673076923077 0.21875 0.11778846153846154 0.31009615384615385
2 0.3269230769230769 0.21875 0.09975961538461539 0.3329326923076923
2 0.5985576923076923 0.22355769230769232 0.11057692307692307 0.32211538461538464
2 0.7283653846153846 0.22956730769230768 0.1141826923076923 0.32211538461538464
2 0.16706730769230768 0.25721153846153844 0.20432692307692307 0.2764423076923077
2 0.7644230769230769 0.5348557692307693 0.2980769230769231 0.16105769230769232
2 0.43990384615384615 0.5661057692307693 0.29086538461538464 0.20072115384615385